327.9375	10.248046875	459.421875	170.15625	0.8730469	0
103.447265625	-1.75634765625	182.2734375	50.208984375	0.41967773	0
65.2587890625	84.046875	95.1328125	116.2734375	0.21508789	0
95.26171875	7.734375	198.64453125	74.314453125	0.13024902	0
100.546875	0.88623046875	153.52734375	41.314453125	0.11468506	0
319.9453125	209.34375	512.7890625	508.921875	0.0960083	0
67.869140625	86.109375	104.091796875	127.74609375	0.093688965	0
113.82421875	5.39794921875	160.23046875	52.787109375	0.09234619	0
97.7109375	8.5078125	215.2734375	130.96875	0.09222412	0
65.1943359375	99.12890625	92.8125	134.70703125	0.085754395	0
85.8515625	-26.82861328125	197.484375	54.52734375	0.06915283	0
76.69921875	-1.27294921875	164.61328125	61.6171875	0.06781006	0
99.38671875	-18.96533203125	168.48046875	35.70703125	0.06500244	0
124.974609375	-11.255126953125	195.1640625	36.6416015625	0.061431885	0
59.4580078125	92.8125	87.3984375	123.75	0.05718994	0
359.390625	-10.5703125	502.21875	158.296875	0.055511475	0
62.00390625	80.373046875	117.046875	140.765625	0.05480957	0
76.69921875	89.33203125	109.5703125	118.46484375	0.05050659	0
132.0	2.126953125	206.5078125	61.939453125	0.04840088	0
72.57421875	71.478515625	98.09765625	104.478515625	0.04638672	0
73.4765625	12.4716796875	173.12109375	93.328125	0.046051025	0
60.6181640625	79.79296875	87.849609375	110.0859375	0.045532227	0
66.580078125	114.017578125	97.388671875	141.66796875	0.04336548	0
265.2890625	306.5390625	543.46875	554.8125	0.04272461	0
62.51953125	102.609375	102.8671875	146.953125	0.04168701	0
119.49609375	1.82080078125	176.21484375	37.3828125	0.0413208	0
59.361328125	110.021484375	87.591796875	141.796875	0.039764404	0
328.453125	-28.810546875	448.078125	111.826171875	0.038330078	0
98.806640625	11.794921875	146.953125	53.3349609375	0.036895752	0
63.5830078125	57.3310546875	115.7578125	122.58984375	0.03668213	0
44.34375	93.328125	103.125	159.84375	0.036071777	0
309.375	6.9609375	398.0625	149.2734375	0.035888672	0
18.111328125	243.1171875	231.7734375	562.03125	0.03390503	0
322.265625	213.2109375	654.328125	556.875	0.033447266	0
49.37109375	86.560546875	98.7421875	134.0625	0.032592773	0
29.9384765625	0.0	147.7265625	90.814453125	0.032470703	0
45.697265625	3.158203125	200.0625	160.6171875	0.031921387	0
443.6953125	365.578125	573.375	516.140625	0.030685425	0
410.953125	6.57421875	532.640625	163.32421875	0.029464722	0
80.4375	81.85546875	141.15234375	136.3828125	0.02935791	0
335.9296875	242.6015625	592.453125	447.3046875	0.028640747	0
79.53515625	16.3388671875	135.09375	85.72265625	0.027328491	0
88.30078125	-3.36767578125	139.9921875	49.306640625	0.027008057	0
60.134765625	98.87109375	114.662109375	171.83203125	0.026168823	0
79.27734375	35.3203125	182.91796875	139.34765625	0.026107788	0
360.421875	69.8671875	498.09375	191.5546875	0.025909424	0
73.025390625	93.328125	131.548828125	155.58984375	0.025665283	0
74.572265625	98.35546875	111.052734375	136.125	0.025177002	0
89.912109375	27.0703125	242.6015625	190.39453125	0.024459839	0
-3.3837890625	32.291015625	100.546875	188.203125	0.024246216	0
19.6904296875	16.88671875	123.4921875	123.75	0.023971558	0
70.640625	-25.6845703125	150.43359375	44.4404296875	0.02368164	0
73.9921875	61.1015625	97.1953125	92.68359375	0.02293396	0
53.689453125	99.90234375	77.794921875	122.33203125	0.022766113	0
129.80859375	8.23388671875	190.65234375	42.990234375	0.022415161	0
54.2373046875	91.65234375	78.6328125	114.2109375	0.022323608	0
97.83984375	2.7392578125	132.64453125	36.0615234375	0.022109985	0
71.15625	119.947265625	104.15625	150.3046875	0.021484375	0
52.3359375	69.09375	101.0625	116.2734375	0.021484375	0
55.623046875	-1.01513671875	125.361328125	53.689453125	0.021453857	0
20.5283203125	44.279296875	143.0859375	180.2109375	0.02116394	0
86.173828125	91.330078125	115.177734375	130.775390625	0.020935059	0
398.8359375	369.4453125	522.5859375	545.015625	0.020935059	0
64.5498046875	32.7421875	147.59765625	114.08203125	0.020812988	0
53.8828125	108.474609375	78.052734375	130.904296875	0.020767212	0
136.25390625	8.9912109375	230.61328125	84.046875	0.020721436	0
23.0419921875	88.4296875	120.52734375	193.875	0.020523071	0
34.9013671875	52.7548828125	110.0859375	133.16015625	0.02017212	0
63.1318359375	122.71875	91.0078125	147.7265625	0.020019531	0
356.8125	442.40625	418.6875	517.6875	0.019714355	0
76.0546875	66.7734375	110.34375	111.76171875	0.019195557	0
339.796875	310.40625	620.8125	679.078125	0.018875122	0
60.328125	18.2724609375	116.2734375	91.39453125	0.018829346	0
115.435546875	-8.838134765625	169.25390625	26.103515625	0.018508911	0
44.408203125	35.126953125	100.611328125	108.474609375	0.018447876	0
385.6875	345.46875	616.6875	533.671875	0.018447876	0
111.1171875	30.03515625	174.5390625	106.734375	0.018341064	0
137.4140625	-1.216552734375	184.59375	27.392578125	0.018341064	0
25.37841796875	77.6015625	86.560546875	145.921875	0.01802063	0
426.9375	243.6328125	559.96875	387.4921875	0.017913818	0
52.6259765625	113.953125	90.234375	154.171875	0.017852783	0
-11.279296875	9.796875	180.984375	215.14453125	0.01777649	0
126.0703125	13.45458984375	171.9609375	49.951171875	0.017578125	0
109.634765625	-17.080078125	148.5	29.7451171875	0.017501831	0
137.9296875	23.396484375	231.0	157.78125	0.01737976	0
54.462890625	115.822265625	79.728515625	138.9609375	0.017303467	0
38.349609375	102.73828125	80.05078125	138.31640625	0.017303467	0
-12.1171875	207.92578125	386.9765625	680.109375	0.017181396	0
410.6953125	279.46875	565.125	493.453125	0.016983032	0
146.82421875	-21.6240234375	236.28515625	45.7294921875	0.016784668	0
78.697265625	69.22265625	102.931640625	90.62109375	0.016662598	0
153.52734375	-1.5791015625	219.26953125	41.2822265625	0.016525269	0
-42.6357421875	292.1015625	107.63671875	492.6796875	0.016464233	0
79.53515625	112.53515625	113.953125	143.0859375	0.016082764	0
66.515625	63.03515625	89.07421875	94.359375	0.016036987	0
49.9833984375	40.21875	133.546875	142.5703125	0.015594482	0
320.203125	23.5576171875	371.765625	103.25390625	0.015533447	0
90.87890625	54.78515625	157.0078125	123.75	0.015472412	0
321.4921875	131.35546875	547.59375	336.1875	0.015312195	0
21.1728515625	104.80078125	87.3984375	179.56640625	0.015197754	0
